station
4024430
4025500
40263205
40263491
4027000
4027500
4029990
4063700
4064500
4065106
4066003
4066030
4066500
4066800
4067500
4067958
4069416
4069500
4071000
4071765
4071858
4072150
4072845
4073050
4073462
40734644
4073468
4073473
4073500
4074538
4074548
4074950
4075365
4075500
4077400
4077630
4078500
4079000
4080000
4080950
4081000
4082400
4083000
4083500
4083545
4084445
4084500
4085119
40851385
4085200
4085281
4085427
4086000
4086150
4086500
4086600
40869416
4087000
4087030
4087070
4087088
4087119
4087120
4087159
4087170
4087204
4087214
4087220
4087233
4087240
4087257
5331833
5332500
5333500
5336000
5340500
5341500
5342000
5355322
5356000
5356500
5361500
5364000
5365000
5357215
5357225
5357245
5357335
5358000
5358500
5359500
5360000
5360500
5362000
5365000
5365500
5365707
5366000
5366500
5367500
5368000
5369000
5369500
5370000
5372000
5379500
5381000
5382000
5382325
5383000
5379500
5383075
5386999
5391000
5393500
5394500
5395000
5397500
5398000
5399500
5400650
5401050
5401100
5401535
5402000
5403000
5403500
5403700
5404000
5404116
5405000
5406500
5407000
5407470
5408000
5408500
5409890
5410490
5413449
5413500
5414000
5414213
5414850
5423500
5424057
5425500
5425912
5426031
5426000
5426067
5426250
5427000
5427085
5427570
5427718
5427850
5427800
5427900
5427948
5427965
5428500
5429500
5429700
5430150
5430175
5430500
54310157
5431016
5431017
5431022
5431032
5431486
5432500
5432695
5432927
5433000
5434500
5433500
5435935
5435943
5436000
5436500
5438283
5543830
5544200
55451345
5545750
