station
4026450
4026870
4027000
4027500
4028000
4061000
4063700
4064500
4065106
4066003
4066800
4067500
4066500
4067958
4068000
4069416
4069500
4071000
4071765
4071858
4072150
4072845
4072750
4075200
4073462
40734644
4073468
4073473
4073050
4073500
4074538
4074548
4074548
4074950
4075365
4075500
4077400
4077630
4078500
4079000
4079602
4080000
4080950
4081000
4083000
4083500
4835450
4084450
4084500
40085119
40851385
4085200
4085281
4085427
40857005
4086000
4086150
4086200
4086340
4086500
4086600
40869416
4087000
4087030
4087070
4087088
4087119
4087120
4087159
4087170
4087204
4087214
5342000
5355500
5356000
5356500
5357215
5357225
5357245
5357335
5358000
5358300
5364500
5367000
53674464
5367500
5369945
5370500
5379400
5382500
5383075
5386500
5386999
5390180
5391000
5392000
5392400
5393000
5394000
5396000
5395000
5397000
5397110
5398000
5398500
5399000
5400000
5400500
5400600
5400650
5400760
5401020
5401050
5402500
5403000
5403630
5404000
5406460
5406476
5406470
5406491
5406577
5406640
5407500
5407000
5408500
5409830
5410000
54134435
5413449
5414213
5423000
5424000
5424057
5425912
5426031
5426067
5426500
5427000
5427507
5427085
5427507
5427850
5427800
5427900
5427952
5428500
5429120
5429700
5430095
5430150
5431014
5431018
5430175
5431016
5431017
5431022
5431032
5431500
5432927
5439350
5359430
5433500
5436000
5543800
5545300
5451345

